 0  0  0  0  0  0  0  0  0  0  0  0  0  0  0  0  0  0 
 0 28 19 32 14 15  7 22 24 24 27 30 36 21 33  5  2  0 
 0 31 20 36 13 21 34 27 26 13 32 32  2 35 12 10 27  0 
 0 33 10  5 19 36 10 28 13 17 15 34 34 30 10 13 29  0 
 0  4 31 22 34  4 16  1 36  7  7  3 12 26 19  1 17  0 
 0 17 17  1 15 19 20 36 14 31 30 29  4 36 35 26  9  0 
 0  5 19 15 26 31 32 29 24 20 29  9 26 32 30 22 20  0 
 0 19 25 20 25 16 20 17  1  3 27 29 24  9 26  2 14  0 
 0 32 30  7 35 30  9  2  3 14 22  6  9 34 35 17  5  0 
 0  4 35  6  5 29 34  9  6 35  4  5  3  6  3  4  3  0 
 0  0  0  0  0  0  0  0  0  0  0  0  0  0  0  0  0  0 
